960163200,1.583
960768000,1.607
961372800,1.653
961977600,1.664
962582400,1.684
963187200,1.677
963792000,1.669
964396800,1.657
965001600,1.63
965606400,1.601
966211200,1.579
966816000,1.574
967420800,1.58
968025600,1.568
968630400,1.596
969235200,1.602
969840000,1.614
970444800,1.61
971049600,1.603
971654400,1.611
972259200,1.605
972864000,1.611
973468800,1.616
974073600,1.618
974678400,1.616
975283200,1.614
975888000,1.606
976492800,1.602
977097600,1.58
977702400,1.564
978307200,1.556
978912000,1.544
979516800,1.538
980121600,1.533
980726400,1.531
981331200,1.527
981936000,1.533
982540800,1.526
983145600,1.529
983750400,1.5
984355200,1.492
984960000,1.47
985564800,1.461
986169600,1.466
986774400,1.469
987379200,1.524
987984000,1.602
988588800,1.633
989193600,1.674
989798400,1.703
990403200,1.706
991008000,1.704
991612800,1.702
992217600,1.679
992822400,1.654
993427200,1.62
994032000,1.587
994636800,1.556
995241600,1.521
995846400,1.502
996451200,1.472
997056000,1.45
997660800,1.428
998265600,1.433
998870400,1.434
999475200,1.456
1000080000,1.451
1000684800,1.466
1001289600,1.466
1001894400,1.441
1002499200,1.417
1003104000,1.385
1003708800,1.353
1004313600,1.324
1004918400,1.298
1005523200,1.281
1006128000,1.238
1006732800,1.217
1007337600,1.185
1007942400,1.158
1008547200,1.143
1009152000,1.121
1009756800,1.122
1010361600,1.146
1010966400,1.162
1011571200,1.171
1012176000,1.173
1012780800,1.175
1013385600,1.173
1013990400,1.176
1014595200,1.18
1015200000,1.191
1015804800,1.221
1016409600,1.301
1017014400,1.345
1017619200,1.394
1018224000,1.436
1018828800,1.46
1019433600,1.476
1020038400,1.475
1020643200,1.466
1021248000,1.473
1021852800,1.469
1022457600,1.471
1023062400,1.466
1023667200,1.466
1024272000,1.463
1024876800,1.455
1025481600,1.447
1026086400,1.448
1026691200,1.449
1027296000,1.477
1027900800,1.48
1028505600,1.487
1029110400,1.493
1029715200,1.49
1030320000,1.49
1030924800,1.496
1031529600,1.494
1032134400,1.495
1032739200,1.502
1033344000,1.507
1033948800,1.517
1034553600,1.511
1035158400,1.519
1035763200,1.534
1036368000,1.532
1036972800,1.535
1037577600,1.518
1038182400,1.522
1038787200,1.53
1039392000,1.53
1039996800,1.525
1040601600,1.536
1041206400,1.557
1041811200,1.582
1042416000,1.59
1043020800,1.588
1043625600,1.596
1044230400,1.628
1044835200,1.707
1045440000,1.734
1046044800,1.745
1046649600,1.739
1047254400,1.753
1047859200,1.776
1048464000,1.764
1049068800,1.749
1049673600,1.733
1050278400,1.714
1050883200,1.699
1051488000,1.678
1052092800,1.645
1052697600,1.609
1053302400,1.576
1053907200,1.555
1054512000,1.534
1055116800,1.524
1055721600,1.523
1056326400,1.508
1056931200,1.496
1057536000,1.5
1058140800,1.542
1058745600,1.565
1059350400,1.568
1059955200,1.571
1060560000,1.603
1061164800,1.645
1061769600,1.772
1062374400,1.817
1062979200,1.793
1063584000,1.775
1064188800,1.759
1064793600,1.729
1065398400,1.71
1066003200,1.686
1066608000,1.682
1067212800,1.649
1067817600,1.631
1068422400,1.612
1069027200,1.59
1069632000,1.594
1070236800,1.589
1070841600,1.58
1071446400,1.574
1072051200,1.585
1072656000,1.589
1073260800,1.602
1073865600,1.646
1074470400,1.713
1075075200,1.755
1075680000,1.767
1076284800,1.766
1076889600,1.771
1077494400,1.779
1078099200,1.819
1078704000,1.854
1079308800,1.847
1079913600,1.858
1080518400,1.86
1081123200,1.853
1081728000,1.828
1082332800,1.853
1082937600,1.854
1083542400,1.873
1084147200,2.021
1084752000,2.107
1085356800,2.142
1085961600,2.148
1086566400,2.127
1087171200,2.109
1087776000,2.089
1088380800,2.039
1088985600,2.004
1089590400,1.983
1090195200,1.983
1090800000,1.977
1091404800,1.958
1092009600,1.937
1092614400,1.946
1093219200,1.962
1093824000,1.942
1094428800,1.925
1095033600,1.917
1095638400,1.937
1096243200,1.995
1096848000,2.037
1097452800,2.097
1098057600,2.152
1098662400,2.152
1099267200,2.148
1099872000,2.127
1100476800,2.109
1101081600,2.092
1101686400,2.091
1102291200,2.091
1102896000,2.042
1103500800,1.998
1104105600,1.972
1104710400,1.946
1105315200,1.926
1105920000,1.919
1106524800,1.963
1107129600,2.003
1107734400,2.019
1108339200,2.028
1108944000,2.016
1109548800,1.993
1110153600,2.042
1110758400,2.139
1111363200,2.198
1111968000,2.231
1112572800,2.266
1113177600,2.321
1113782400,2.309
1114387200,2.311
1114992000,2.312
1115596800,2.281
1116201600,2.257
1116806400,2.229
1117411200,2.2
1118016000,2.196
1118620800,2.19
1119225600,2.24
1119830400,2.28
1120435200,2.269
1121040000,2.366
1121644800,2.384
1122249600,2.373
1122854400,2.37
1123459200,2.418
1124064000,2.609
1124668800,2.653
1125273600,2.653
1125878400,3.401
1126483200,3.325
1127088000,2.97
1127692800,2.932
1128297600,2.94
1128902400,2.895
1129507200,2.857
1130112000,2.766
1130716800,2.668
1131321600,2.589
1131926400,2.501
1132531200,2.416
1133136000,2.358
1133740800,2.322
1134345600,2.343
1134950400,2.368
1135555200,2.381
1136160000,2.442
1136764800,2.54
1137369600,2.548
1137974400,2.577
1138579200,2.556
1139184000,2.531
1139788800,2.488
1140393600,2.424
1140998400,2.386
1141603200,2.443
1142208000,2.456
1142812800,2.616
1143417600,2.617
1144022400,2.737
1144627200,2.797
1145232000,2.92
1145836800,3.064
1146441600,3.049
1147046400,3.036
1147651200,3.016
1148256000,2.989
1148860800,2.964
1149465600,2.925
1150070400,2.915
1150675200,2.879
1151280000,2.837
1151884800,2.905
1152489600,2.958
1153094400,2.993
1153699200,3.02
1154304000,3.052
1154908800,3.076
1155513600,3.091
1156118400,3.053
1156723200,3
1157328000,2.944
1157932800,2.875
1158537600,2.793
1159142400,2.691
1159747200,2.615
1160352000,2.559
1160956800,2.517
1161561600,2.474
1162166400,2.43
1162771200,2.399
1163376000,2.391
1163980800,2.385
1164585600,2.428
1165190400,2.489
1165795200,2.476
1166400000,2.522
1167004800,2.539
1167609600,2.535
1168214400,2.497
1168819200,2.45
1169424000,2.402
1170028800,2.376
1170633600,2.362
1171238400,2.362
1171843200,2.396
1172448000,2.466
1173052800,2.68
1173657600,2.713
1174262400,2.734
1174867200,2.759
1175472000,2.814
1176076800,2.873
1176681600,2.957
1177286400,2.962
1177891200,3.026
1178496000,3.044
1179100800,3.071
1179705600,3.135
1180310400,3.151
1180915200,3.131
1181520000,3.135
1182124800,3.104
1182729600,3.076
1183334400,3.075
1183939200,3.066
1184544000,3.07
1185148800,3.036
1185753600,3.004
1186358400,2.961
1186963200,2.932
1187568000,2.907
1188172800,2.886
1188777600,2.873
1189382400,2.875
1189987200,2.889
1190592000,2.938
1191196800,2.932
1191801600,2.927
1192406400,2.925
1193011200,2.986
1193616000,3.04
1194220800,3.196
1194825600,3.286
1195430400,3.309
1196035200,3.31
1196640000,3.289
1197244800,3.285
1197849600,3.278
1198454400,3.276
1199059200,3.294
1199664000,3.34
1200268800,3.324
1200873600,3.291
1201478400,3.287
1202083200,3.26
1202688000,3.261
1203292800,3.274
1203897600,3.332
1204502400,3.342
1205107200,3.357
1205712000,3.411
1206316800,3.385
1206921600,3.401
1207526400,3.429
1208131200,3.498
1208736000,3.626
1209340800,3.753
1209945600,3.769
1210550400,3.859
1211155200,3.931
1211760000,4.083
1212364800,4.121
1212969600,4.183
1213574400,4.238
1214179200,4.235
1214784000,4.247
1215388800,4.248
1215993600,4.242
1216598400,4.219
1217203200,4.127
1217808000,4.051
1218412800,3.982
1219017600,3.895
1219622400,3.848
1220227200,3.812
1220832000,3.788
1221436800,3.844
1222041600,3.78
1222646400,3.708
1223251200,3.63
1223856000,3.374
1224460800,3.204
1225065600,2.971
1225670400,2.776
1226275200,2.586
1226880000,2.398
1227484800,2.243
1228089600,2.106
1228694400,2.001
1229299200,1.868
1229904000,1.842
1230508800,1.799
1231113600,1.794
1231718400,1.902
1232323200,1.932
1232928000,1.94
1233532800,2.028
1234137600,2.062
1234742400,2.096
1235347200,2.077
1235952000,2.077
1236556800,2.068
1237161600,2.049
1237766400,2.09
1238371200,2.147
1238976000,2.15
1239580800,2.164
1240185600,2.194
1240790400,2.178
1241395200,2.206
1242000000,2.369
1242604800,2.435
1243209600,2.553
1243814400,2.615
1244419200,2.699
1245024000,2.758
1245628800,2.79
1246233600,2.777
1246838400,2.764
1247443200,2.721
1248048000,2.661
1248652800,2.646
1249257600,2.706
1249862400,2.758
1250467200,2.778
1251072000,2.772
1251676800,2.771
1252281600,2.768
1252886400,2.754
1253491200,2.727
1254096000,2.684
1254700800,2.647
1255305600,2.639
1255910400,2.741
1256515200,2.807
1257120000,2.835
1257724800,2.842
1258329600,2.824
1258934400,2.835
1259539200,2.814
1260144000,2.835
1260748800,2.813
1261353600,2.792
1261958400,2.799
1262563200,2.83
1263168000,2.904
1263772800,2.902
1264377600,2.898
1264982400,2.879
1265587200,2.86
1266192000,2.817
1266796800,2.824
1267401600,2.846
1268006400,2.874
1268611200,2.917
1269216000,2.925
1269820800,2.914
1270425600,2.969
1271030400,2.963
1271635200,2.97
1272240000,2.981
1272844800,3.017
1273449600,2.999
1274054400,2.978
1274659200,2.929
1275264000,2.883
1275868800,2.842
1276473600,2.802
1277078400,2.843
1277683200,2.834
1278288000,2.796
1278892800,2.792
1279497600,2.764
1280102400,2.792
1280707200,2.815
1281312000,2.837
1281916800,2.811
1282521600,2.789
1283126400,2.759
1283731200,2.73
1284336000,2.762
1284940800,2.74
1285545600,2.741
1286150400,2.842
1286755200,2.944
1287360000,2.988
1287964800,2.986
1288569600,2.977
1289174400,2.984
1289779200,3.057
1290384000,3.101
1290988800,3.107
1291593600,3.163
1292198400,3.212
1292803200,3.216
1293408000,3.247
1294012800,3.266
1294617600,3.278
1295222400,3.311
1295827200,3.309
1296432000,3.302
1297036800,3.323
1297641600,3.327
1298246400,3.36
1298851200,3.515
1299456000,3.67
1300060800,3.706
1300665600,3.694
1301270400,3.725
1301875200,3.829
1302480000,3.92
1303084800,3.99
1303689600,4.008
1304294400,4.073
1304899200,4.067
1305504000,4.052
1306108800,3.982
1306713600,3.942
1307318400,3.916
1307923200,3.87
1308528000,3.846
1309132800,3.793
1309737600,3.761
1310342400,3.78
1310947200,3.847
1311552000,3.876
1312156800,3.887
1312761600,3.856
1313366400,3.809
1313971200,3.77
1314576000,3.738
1315180800,3.816
1315785600,3.82
1316390400,3.77
1316995200,3.734
1317600000,3.666
1318204800,3.637
1318809600,3.665
1319414400,3.653
1320019200,3.643
1320624000,3.62
1321228800,3.614
1321833600,3.582
1322438400,3.557
1323043200,3.527
1323648000,3.5
1324252800,3.487
1324857600,3.466
1325462400,3.497
1326067200,3.573
1326672000,3.625
1327276800,3.638
1327881600,3.706
1328486400,3.723
1329091200,3.776
1329696000,3.82
1330300800,3.907
1330905600,3.946
1331510400,3.929
1332115200,3.977
1332720000,4.03
1333324800,4.075
1333929600,4.117
1334534400,4.094
1335139200,4.083
1335744000,4.04
1336348800,3.952
1336953600,3.926
1337558400,3.874
1338163200,3.817
1338768000,3.775
1339372800,3.689
1339977600,3.633
1340582400,3.559
1341187200,3.527
1341792000,3.561
1342396800,3.601
1343001600,3.668
1343606400,3.665
1344211200,3.711
1344816000,3.821
1345420800,3.841
1346025600,3.889
1346630400,3.953
1347235200,3.986
1347840000,4.101
1348444800,4.065
1349049600,4.073
1349654400,4.093
1350259200,4.076
1350864000,4.007
1351468800,3.938
1352073600,3.894
1352678400,3.864
1353283200,3.845
1353888000,3.828
1354492800,3.808
1355097600,3.754
1355702400,3.711
1356307200,3.669
1356912000,3.677
1357516800,3.682
1358121600,3.682
1358726400,3.677
1359331200,3.708
1359936000,3.836
1360540800,3.909
1361145600,3.95
1361750400,3.984
1362355200,3.925
1362960000,3.91
1363564800,3.881
1364169600,3.867
1364774400,3.827
1365379200,3.8
1365984000,3.757
1366588800,3.698
1367193600,3.668
1367798400,3.635
1368403200,3.668
1369008000,3.668
1369612800,3.674
1370217600,3.659
1370822400,3.656
1371427200,3.66
1372032000,3.666
1372636800,3.632
1373241600,3.658
1373846400,3.804
1374451200,3.836
1375056000,3.871
1375660800,3.845
1376265600,3.821
1376870400,3.797
1377475200,3.789
1378080000,3.824
1378684800,3.812
1379289600,3.796
1379894400,3.751
1380499200,3.682
1381104000,3.667
1381708800,3.628
1382313600,3.598
1382918400,3.57
1383523200,3.539
1384128000,3.523
1384732800,3.539
1385337600,3.581
1385942400,3.617
1386547200,3.638
1387152000,3.647
1387756800,3.649
1388361600,3.672
1388966400,3.683
1389571200,3.661
1390176000,3.643
1390780800,3.625
1391385600,3.619
1391990400,3.587
1392595200,3.633
1393200000,3.709
1393804800,3.734
1394409600,3.744
1395014400,3.739
1395619200,3.732
1396224000,3.731
1396828800,3.732
1397433600,3.75
1398038400,3.804
1398643200,3.834
1399248000,3.844
1399852800,3.836
1400457600,3.812
1401062400,3.811
1401667200,3.785
1402272000,3.786
1402876800,3.789
1403481600,3.811
1404086400,3.829
1404691200,3.838
1405296000,3.815
1405900800,3.795
1406505600,3.748
1407110400,3.727
1407715200,3.688
1408320000,3.678
1408924800,3.651
1409529600,3.634
1410134400,3.634
1410739200,3.598
1411344000,3.564
1411948800,3.549
1412553600,3.494
1413158400,3.469
1413763200,3.405
1414368000,3.375
1414972800,3.293
1415577600,3.245
1416182400,3.184
1416787200,3.147
1417392000,3.119
1417996800,3.043
1418601600,2.902
1419206400,2.861
1419811200,2.789
1420416000,2.727
1421020800,2.587
1421625600,2.497
1422230400,2.384
1422835200,2.381
1423440000,2.417
1424044800,2.425
1424649600,2.444
1425254400,2.53
1425859200,2.588
1426464000,2.577
1427068800,2.522
1427673600,2.507
1428278400,2.525
1428883200,2.503
1429488000,2.597
1430092800,2.636
1430697600,2.693
1431302400,2.729
1431907200,2.742
1432512000,2.753
1433116800,2.763
1433721600,2.789
1434326400,2.857
1434931200,2.85
1435536000,2.869
1436140800,2.862
1436745600,2.839
1437350400,2.802
1437955200,2.758
1438560000,2.72
1439164800,2.685
1439769600,2.651
1440374400,2.577
1440979200,2.5
1441584000,2.469
1442188800,2.414
1442793600,2.382
1443398400,2.344
1444003200,2.297
1444608000,2.316
1445212800,2.286
1445817600,2.247
1446422400,2.239
1447027200,2.267
1447632000,2.28
1448236800,2.256
1448841600,2.247
1449446400,2.239
1450051200,2.215
1450656000,2.196
1451260800,2.179
1451865600,2.171
1452470400,2.131
1453075200,2.075
1453680000,2.048
1454284800,2
1454889600,1.978
1455494400,1.928
1456099200,1.93
1456704000,1.909
1457308800,1.914
1457913600,1.983
1458518400,2.012
1459123200,2.11
1459728000,2.123
1460332800,2.139
1460937600,2.215
1461542400,2.253
1462147200,2.297
1462752000,2.319
1463356800,2.312
1463961600,2.337
1464566400,2.355
1465171200,2.356
1465776000,2.356
1466380800,2.348
1466985600,2.33
1467590400,2.315
1468195200,2.289
1468800000,2.273
1469404800,2.26
1470009600,2.232
1470614400,2.204
1471219200,2.195
1471824000,2.212
1472428800,2.252
1473033600,2.251
1473638400,2.218
1474243200,2.215
1474848000,2.214
1475452800,2.24
1476057600,2.276
1476662400,2.279
1477267200,2.303
1477872000,2.31
1478476800,2.347
1479081600,2.304
1479686400,2.274
1480291200,2.273
1480896000,2.31
1481500800,2.329
1482105600,2.352
1482710400,2.386
1483315200,2.459
1483920000,2.462
1484524800,2.436
1485129600,2.411
1485734400,2.386
1486339200,2.365
1486944000,2.346
1487548800,2.365
1488153600,2.327
1488758400,2.318
1489363200,2.313
1489968000,2.307
1490572800,2.295
1491177600,2.335
1491782400,2.41
1492387200,2.472
1492992000,2.465
1493596800,2.451
1494201600,2.423
1494806400,2.404
1495411200,2.394
1496016000,2.429
1496620800,2.416
1497225600,2.38
1497830400,2.34
1498435200,2.325
1499040000,2.308
1499644800,2.3
1500249600,2.286
1500854400,2.333
1501459200,2.367
1502064000,2.39
1502668800,2.383
1503273600,2.376
1503878400,2.395
1504483200,2.723
1505088000,2.754
1505692800,2.71
1506297600,2.683
1506902400,2.657
1507507200,2.599
1508112000,2.589
1508716800,2.552
1509321600,2.541
1509926400,2.569
1510531200,2.616
1511136000,2.595
1511740800,2.575
1512345600,2.567
1512950400,2.55
1513555200,2.536
1514160000,2.522
1514764800,2.545
1515369600,2.6
1515974400,2.628
1516579200,2.632
1517184000,2.683
1517788800,2.696
1518393600,2.688
1518998400,2.662
1519603200,2.638
1520208000,2.627
1520812800,2.602
1521417600,2.596
1522022400,2.666
1522627200,2.682
1523232000,2.68
1523836800,2.76
1524441600,2.822
1525046400,2.861
1525651200,2.858